-0.00452488687782804
-0.500000000000000
0.0214932126696833
-0.473981900452489
0.0475113122126697
-0.447963800909502
0.0735294117601810
-0.421945701361991
0.0995475113031674
-0.395927601805430
0.125565610864253
-0.369909502257919
0.151583710407240
-0.343891402714932
0.177601809954751
-0.317873303167421
0.203619909497738
-0.291855203624434
0.229638009045249
-0.265837104076923
0.255656108588235
-0.239819004533937
0.281674208149321
-0.213800904972851
0.307692307692308
-0.187782805429864
0.333710407239819
-0.161764705882353
0.359728506782805
-0.135746606339367
0.385746606330317
-0.109728506791855
0.411764705873303
-0.0837104072488688
0.437782805434389
-0.0576923076877828
0.463800904977376
-0.0316742081447964